Cumbaya
0.30
12.00
15.00
16.00
18.00
17.00
15.00
16.00
12.00
1.00
3.00
12.00
15.00
14.00
18.00
19.00
23.00
20.00
21.00
24.00
25.00
26.00
24.00
27.00
28.00
29.00
10.00
12.00
2.00
3.00
12.00
40.50
10.20
15.30
20.10
19.80
15.50
18.30
21.40
22.00
23.50
24.20
25.10
26.30
27.80
28.50
29.10
30.00
31.20
32.40
33.50
34.10
35.20
36.00
37.10
38.00
39.20
40.50
41.10
42.00
43.20
13.00
12.00
Lumbisi
38.00
12.10
14.50
19.30
17.90
16.10
18.20
19.80
20.50
21.40
22.70
23.20
24.00
25.30
26.60
27.10
28.00
29.20
30.50
31.80
32.30
33.10
34.00
35.40
36.70
37.90
39.10
40.30
41.00
42.10
15.00
Valle_de_los_Chillos
42.30
11.50
16.20
22.30
21.00
17.20
19.50
20.00
22.10
23.00
24.50
25.20
26.10
27.00
28.50
29.30
30.40
31.00
32.20
33.40
34.30
35.10
36.50
37.70
38.40
39.00
40.00
41.30
42.10
43.50
9.00
Norte
41.00
10.80
14.20
18.60
17.30
15.00
16.20
17.50
19.10
20.60
21.30
22.00
23.40
24.10
25.80
26.30
27.20
28.50
29.10
30.20
31.30
32.10
33.00
34.50
35.60
36.20
37.80
38.30
39.00
40.50
20.00
Sur
39.80
13.20
14.90
19.80
18.50
16.40
17.10
18.30
19.70
21.10
22.50
23.00
24.40
25.30
26.10
27.00
28.20
29.40
30.10
31.30
32.00
33.20
34.10
35.60
36.40
37.30
38.20
39.50
40.60
41.00
10.00
